[{"id":"A","coordinates":[230.1662139892578,-12.628484725952148,320.78515625],"uncertainty":{"stddevs":[1.0,1.0,0.9999998807907104],"pcvectors":[[-3.3087224502121107E-24,0.7071067690849304,0.7071067690849304],[0.254569947719574,-0.6838107109069824,0.6838107109069824],[0.9670543670654297,0.1800081431865692,-0.1800081431865692]]}},{"id":"B","coordinates":[228.37261962890625,37.187103271484375,310.0352478027344],"uncertainty":{"stddevs":[1.0,1.0,0.9999999403953552],"pcvectors":[[-0.7392387390136719,0.631781280040741,0.23319198191165924],[0.5206573605537415,0.7557893395423889,-0.39711254835128784],[-0.4271322786808014,-0.17214787006378174,-0.8876503109931946]]}},{"id":"C","coordinates":[154.26461791992188,-3.807647705078125,289.78363037109375],"uncertainty":{"stddevs":[1.0,1.0,0.9999998807907104],"pcvectors":[[0.013679629191756248,0.5611590147018433,0.8275949358940125],[-0.9947590231895447,-0.07623675465583801,0.06813584268093109],[0.10132819414138794,-0.8241896033287048,0.5571750998497009]]}},{"id":"D","coordinates":[149.1058349609375,-2.5127696990966797,264.87603759765625],"uncertainty":{"stddevs":[1.0,0.9999999403953552,0.9999999403953552],"pcvectors":[[-0.8880738615989685,-0.32505759596824646,0.32505759596824646],[-6.6174449004242214E-24,0.7071067690849304,0.7071067690849304],[0.4597008526325226,-0.6279630064964294,0.6279630064964294]]}},{"id":"E","coordinates":[147.39801025390625,-2.145090103149414,229.22308349609375],"uncertainty":{"stddevs":[1.000000238418579,1.0000001192092896,1.0],"pcvectors":[[-0.2017248272895813,-0.6938406825065613,0.6912974715232849],[0.9792647361755371,-0.1294400990009308,0.15583914518356323],[-0.018645932897925377,0.7083998322486877,0.7055649757385254]]}},{"id":"F","coordinates":[150.17251586914062,-2.576578140258789,203.2529754638672],"uncertainty":{"stddevs":[1.0000001192092896,0.9999999403953552,0.9999999403953552],"pcvectors":[[-0.952896773815155,-0.303294837474823,0.0],[0.0,0.0,1.0],[-0.303294837474823,0.952896773815155,0.0]]}},{"id":"G","coordinates":[223.00729370117188,-11.620208740234375,163.78152465820312],"uncertainty":{"stddevs":[1.0,0.9999999403953552,0.9999998211860657],"pcvectors":[[-0.030912313610315323,-0.6395207643508911,0.7681520581245422],[0.9411880373954773,0.24008017778396606,0.23775312304496765],[-0.3364661633968353,0.7303250432014465,0.5944878458976746]]}},{"id":"H","coordinates":[223.55775451660156,39.51740264892578,177.29493713378906],"uncertainty":{"stddevs":[1.0,1.0,0.9999999403953552],"pcvectors":[[-0.631781280040741,-0.7392387390136719,0.23319198191165924],[0.7557893395423889,-0.5206573605537415,0.39711254835128784],[-0.17214785516262054,0.4271322786808014,0.8876503109931946]]}},{"id":"I","coordinates":[112.10929870605469,33.76676940917969,248.24656677246094],"uncertainty":{"stddevs":[1.0000001192092896,1.0,1.0],"pcvectors":[[0.03717051446437836,0.9918766617774963,0.12165109068155289],[-0.8618307113647461,-0.029801741242408752,0.5063197016716003],[0.5058321356773376,-0.1236628070473671,0.8537220358848572]]}},{"id":"J","coordinates":[130.73291015625,46.13147735595703,247.7969512939453],"uncertainty":{"stddevs":[1.0000001192092896,0.9999999403953552,0.9999999403953552],"pcvectors":[[-0.1494446098804474,-0.9855524301528931,-0.07970379292964935],[0.47058823704719543,9.45028499899081E-10,-0.8823529481887817],[0.8696051239967346,-0.16937056183815002,0.4637893736362457]]}},{"id":"K","coordinates":[150.40966796875,64.71075439453125,271.77899169921875],"uncertainty":{"stddevs":[1.0000001192092896,1.0,1.0],"pcvectors":[[-0.12224189192056656,0.03143966943025589,-0.9920022487640381],[0.24209100008010864,-0.9683640599250793,-0.06052275374531746],[-0.9625221490859985,-0.2475532442331314,0.11076339334249496]]}},{"id":"L","coordinates":[148.35528564453125,65.55683898925781,223.87655639648438],"uncertainty":{"stddevs":[1.0000001192092896,1.0,0.9999999403953552],"pcvectors":[[-0.784198522567749,-0.5007351040840149,-0.3664655387401581],[0.6018832921981812,-0.47021281719207764,-0.645473837852478],[0.15089461207389832,-0.7267491221427917,0.6701242923736572]]}}]
