[{"id":"A","coordinates":[154.15335083007812,-4.203433990478516,289.78204345703125],"uncertainty":{"stddevs":[1.0000001192092896,1.0,1.0],"pcvectors":[[-0.2786654233932495,-0.9598571062088013,-0.031935807317495346],[0.541984498500824,-0.18462659418582916,0.8198571801185608],[-0.7928419709205627,0.21115714311599731,0.5716767311096191]]}},{"id":"B","coordinates":[148.00025939941406,-1.632406234741211,264.3901672363281],"uncertainty":{"stddevs":[1.0,1.0,0.9999999403953552],"pcvectors":[[-0.5,-0.7071067690849304,0.5],[0.7071067690849304,-1.5643107920126909E-9,0.7071067690849304],[-0.5,0.7071067690849304,0.5]]}},{"id":"C","coordinates":[147.2666778564453,-1.9995288848876953,229.05804443359375],"uncertainty":{"stddevs":[1.0000001192092896,1.0,1.0],"pcvectors":[[-0.48473525047302246,0.7994909286499023,0.35474783182144165],[-0.8728241920471191,-0.4684164524078369,-0.13698165118694305],[0.05665413662791252,-0.3760323226451874,0.9248729348182678]]}},{"id":"D","coordinates":[149.64248657226562,-3.1730403900146484,203.3272705078125],"uncertainty":{"stddevs":[1.0,1.0,0.9999999403953552],"pcvectors":[[0.010073334909975529,0.12375597655773163,0.992261528968811],[0.1589759886264801,0.9794926047325134,-0.12377732992172241],[-0.9872310757637024,0.15899260342121124,-0.009807471185922623]]}},{"id":"E","coordinates":[112.10929870605469,33.76676940917969,248.24656677246094],"uncertainty":{"stddevs":[1.0000001192092896,1.0,1.0],"pcvectors":[[0.03717051446437836,0.9918766617774963,0.12165109068155289],[-0.8618307113647461,-0.029801741242408752,0.5063197016716003],[0.5058321356773376,-0.1236628070473671,0.8537220358848572]]}},{"id":"F","coordinates":[146.0465087890625,99.16513061523438,248.27084350585938],"uncertainty":{"stddevs":[1.000000238418579,1.0,0.9999999403953552],"pcvectors":[[-0.21192008256912231,-0.9713740944862366,-0.10734163969755173],[0.9759271144866943,-0.21613705158233643,0.02917199581861496],[-0.05153742805123329,-0.09857548773288727,0.9937941431999207]]}}]
