[{"id":"A","coordinates":[-44.22868347167969,36.22556686401367,87.81327819824219],"uncertainty":{"stddevs":[1.0,1.0,0.9999999403953552],"pcvectors":[[-0.3826834261417389,0.0,0.9238795042037964],[0.0,1.0,0.0],[0.9238795042037964,0.0,0.3826834261417389]]}},{"id":"B","coordinates":[-22.14892578125,36.9171142578125,91.43690490722656],"uncertainty":{"stddevs":[1.0,1.0,0.9999999403953552],"pcvectors":[[-0.5851306915283203,-0.06734482198953629,-0.808137834072113],[-1.6543612251060553E-24,-0.9965457320213318,0.08304548263549805],[0.8109390139579773,-0.048592459410429,-0.5831094980239868]]}},{"id":"C","coordinates":[21.885944366455078,39.04147720336914,92.83265686035156],"uncertainty":{"stddevs":[1.0000001192092896,1.0,1.0],"pcvectors":[[-0.9921659231185913,0.12399140000343323,-0.015260536223649979],[0.09600044786930084,0.6785542368888855,-0.7282500267028809],[-0.07994163781404495,-0.7240098714828491,-0.6851416230201721]]}},{"id":"D","coordinates":[44.592185974121094,37.96868896484375,89.3358154296875],"uncertainty":{"stddevs":[1.0,0.9999999403953552,0.9999999403953552],"pcvectors":[[-0.32505759596824646,0.32505759596824646,0.8880738615989685],[0.7071067690849304,0.7071067690849304,-6.484271342088732E-9],[-0.6279630661010742,0.6279630064964294,-0.4597008526325226]]}},{"id":"E","coordinates":[0.21603833138942719,-51.47465515136719,110.11878204345703],"uncertainty":{"stddevs":[1.0000001192092896,1.0,1.0],"pcvectors":[[-0.6395979523658752,-0.14393910765647888,-0.7551132440567017],[0.7683102488517761,-0.15136109292507172,-0.6219237446784973],[-0.02477562427520752,-0.9779424071311951,0.2074001282453537]]}},{"id":"F","coordinates":[-0.337841272354126,43.26970672607422,112.45381164550781],"uncertainty":{"stddevs":[1.0,1.0,0.9999999403953552],"pcvectors":[[-0.6321275234222412,-0.309662401676178,-0.7102985382080078],[-0.14974234998226166,-0.8505762219429016,0.5040806531906128],[-0.7602578401565552,0.4250050187110901,0.49130308628082275]]}},{"id":"G","coordinates":[-0.2824688255786896,-14.966024398803711,115.00345611572266],"uncertainty":{"stddevs":[1.0,1.0,1.0],"pcvectors":[[-0.7071067690849304,-0.7071067690849304,0.0],[0.0,0.0,1.0],[-0.7071067690849304,0.7071067690849304,0.0]]}}]
