[{"id":"A","coordinates":[-42.7276611328125,32.220542907714844,80.51094055175781],"uncertainty":{"stddevs":[1.0000001192092896,1.0,0.9999999403953552],"pcvectors":[[0.2823016941547394,-0.13139262795448303,0.9502850770950317],[-0.6379621624946594,0.7140827178955078,0.288253515958786],[-0.7164565920829773,-0.6876204013824463,0.11776325106620789]]}},{"id":"B","coordinates":[-18.01666259765625,31.729385375976562,84.29763793945312],"uncertainty":{"stddevs":[1.0,1.0,0.9999999403953552],"pcvectors":[[-0.5654657483100891,0.7235183715820312,0.39594143629074097],[0.5975657105445862,0.028513440862298012,0.8013128042221069],[0.5684748888015747,0.6897159814834595,-0.44847315549850464]]}},{"id":"C","coordinates":[16.585968017578125,33.79236602783203,85.59526062011719],"uncertainty":{"stddevs":[1.0,1.0,1.0],"pcvectors":[[-0.7071067690849304,-0.7071067690849304,0.0],[0.0,0.0,1.0],[-0.7071067690849304,0.7071067690849304,0.0]]}},{"id":"D","coordinates":[42.92529296875,34.79840087890625,81.19757080078125],"uncertainty":{"stddevs":[1.0000001192092896,1.0,1.0],"pcvectors":[[0.22975291311740875,0.9732490181922913,0.0],[0.0,0.0,1.0],[0.9732490181922913,-0.22975291311740875,0.0]]}},{"id":"E","coordinates":[2.184051513671875,-50.35961151123047,101.63462829589844],"uncertainty":{"stddevs":[1.0,1.0,1.0],"pcvectors":[[-0.6953083872795105,-0.128632053732872,-0.7071067690849304],[0.18191319704055786,-0.983314573764801,5.020566185010011E-9],[-0.6953084468841553,-0.128632053732872,0.7071067690849304]]}},{"id":"F","coordinates":[-0.219268798828125,37.09577560424805,102.229248046875],"uncertainty":{"stddevs":[1.0,1.0,1.0],"pcvectors":[[-0.6375680565834045,-0.7322466373443604,0.23941972851753235],[0.4672795534133911,-0.12048394232988358,0.8758615255355835],[-0.6125004887580872,0.6702972650527954,0.41898059844970703]]}},{"id":"G","coordinates":[1.342437744140625,-16.07134246826172,109.00582885742188],"uncertainty":{"stddevs":[1.0,1.0,0.9999999403953552],"pcvectors":[[0.08868681639432907,0.9951084852218628,-0.043517906218767166],[0.5530267953872681,-0.08553052693605423,-0.8287616968154907],[-0.8284298777580261,0.049433667212724686,-0.5579070448875427]]}}]
