[{"id":"A","coordinates":[157.14105224609375,-0.6366080045700073,288.3735046386719],"uncertainty":{"stddevs":[1.0000001192092896,1.0,0.9999999403953552],"pcvectors":[[-0.41789910197257996,-0.8814770579338074,-0.21990571916103363],[0.035712674260139465,-0.25780728459358215,0.9655361175537109],[-0.907791256904602,0.3956432640552521,0.1392173320055008]]}},{"id":"B","coordinates":[151.0128173828125,-1.3262672424316406,203.3747100830078],"uncertainty":{"stddevs":[1.0,1.0,0.9999998807907104],"pcvectors":[[-0.8462945818901062,0.5213567018508911,-0.10941990464925766],[0.12822562456130981,-4.071886924861268E-11,-0.9917449951171875],[-0.5170528888702393,-0.8533388376235962,-0.06685128808021545]]}},{"id":"C","coordinates":[115.82688903808594,34.355918884277344,246.90133666992188],"uncertainty":{"stddevs":[1.0,0.9999999403953552,0.9999998211860657],"pcvectors":[[0.01820841245353222,0.8508777618408203,0.525048017501831],[-0.9969200491905212,-0.02461414970457554,0.0744616910815239],[0.07628140598535538,-0.5247867703437805,0.8478089570999146]]}},{"id":"D","coordinates":[148.21820068359375,90.4188003540039,249.36053466796875],"uncertainty":{"stddevs":[1.0000001192092896,1.0,0.9999999403953552],"pcvectors":[[-0.939768373966217,0.3367607891559601,0.058545537292957306],[0.17389774322509766,0.3235872983932495,0.9300810694694519],[0.29427024722099304,0.8842417597770691,-0.3626590371131897]]}}]
