[{"id":"A","coordinates":[-256.5960388183594,-0.7067750096321106,-289.294677734375],"uncertainty":{"stddevs":[1.0,0.9999999403953552,0.9999999403953552],"pcvectors":[[-0.27449774742126465,0.9600192904472351,0.05489955097436905],[0.19611597061157227,-4.711300860549272E-8,0.9805806875228882],[0.9413763880729675,0.2799338698387146,-0.18827509880065918]]}},{"id":"B","coordinates":[-251.52780151367188,-0.704208493232727,-203.2164306640625],"uncertainty":{"stddevs":[1.0,1.0,1.0],"pcvectors":[[-0.670820415019989,-0.7071067690849304,-0.22360679507255554],[0.3162277638912201,-1.2756279366143985E-9,-0.9486833214759827],[0.670820415019989,-0.7071067690849304,0.22360679507255554]]}},{"id":"C","coordinates":[-215.47181701660156,35.21724319458008,-246.49049377441406],"uncertainty":{"stddevs":[1.0,1.0,1.0],"pcvectors":[[-0.3574753999710083,0.7071067690849304,-0.6100912690162659],[0.862799346446991,2.5377103085588715E-8,-0.5055465698242188],[-0.3574753701686859,-0.7071067690849304,-0.6100912690162659]]}},{"id":"D","coordinates":[-251.1814422607422,94.48942565917969,-248.77027893066406],"uncertainty":{"stddevs":[1.0000001192092896,1.0,0.9999999403953552],"pcvectors":[[-0.9806998372077942,-0.19549676775932312,-0.002972655463963747],[0.19539937376976013,-0.9794521331787109,-0.04992641881108284],[0.006848879624158144,-0.04954368621110916,0.9987484812736511]]}}]
