[{"id":"A","coordinates":[148.41268920898438,-5.294463634490967,290.7681884765625],"uncertainty":{"stddevs":[1.0,1.0,0.9999999403953552],"pcvectors":[[-0.23051817715168,0.0008055536891333759,0.9730677008628845],[0.812813937664032,-0.5496188402175903,0.19300933182239532],[0.5349717736244202,0.8354151844978333,0.12604236602783203]]}},{"id":"B","coordinates":[142.35382080078125,-5.664807319641113,268.0462951660156],"uncertainty":{"stddevs":[1.0000001192092896,1.0,1.0],"pcvectors":[[-0.02743055671453476,-0.97219318151474,-0.23256833851337433],[0.7847980260848999,-0.16504637897014618,0.5973707437515259],[-0.6191442608833313,-0.16613295674324036,0.7675025463104248]]}},{"id":"C","coordinates":[140.85040283203125,-5.128785610198975,225.04928588867188],"uncertainty":{"stddevs":[1.0,1.0,1.0],"pcvectors":[[0.7284743189811707,-0.6572701930999756,-0.19318658113479614],[-0.14157742261886597,-0.4203436076641083,0.8962516784667969],[-0.6702842712402344,-0.6255455017089844,-0.3992641568183899]]}},{"id":"D","coordinates":[143.13357543945312,-4.769620895385742,202.04534912109375],"uncertainty":{"stddevs":[1.0000001192092896,1.0,0.9999999403953552],"pcvectors":[[-0.8878529071807861,0.28900524973869324,-0.3580407202243805],[-0.45341306924819946,-0.6819679141044617,0.5738783478736877],[-0.07831843942403793,0.6718599200248718,0.7365259528160095]]}},{"id":"E","coordinates":[102.81741333007812,32.58876037597656,247.52294921875],"uncertainty":{"stddevs":[1.0,1.0,0.9999999403953552],"pcvectors":[[-0.06213743984699249,0.0,-0.9980676174163818],[0.0,-1.0,0.0],[0.9980676174163818,0.0,-0.06213743984699249]]}},{"id":"F","coordinates":[137.0435791015625,100.88719177246094,250.1912078857422],"uncertainty":{"stddevs":[1.0000001192092896,1.0,1.0],"pcvectors":[[-0.4391004145145416,-0.8722975850105286,0.21514584124088287],[0.8981698155403137,-0.4320477843284607,0.08139826357364655],[0.021949775516986847,0.22897951304912567,0.9731837511062622]]}}]
